0.1388 0.0576369
0.1628 0.0982801
0.1868 0.12848
0.2108 0.151803
0.2348 0.170358
0.2588 0.185471
0.2828 0.19802
0.3068 0.208605
0.3308 0.217654
0.3548 0.225479
0.3788 0.232313
0.4028 0.238332
0.4268 0.243674
0.4508 0.248447
0.4748 0.252738
0.4988 0.256616
0.5228 0.260138
0.5468 0.26335
0.5708 0.266293
0.5948 0.268998
0.6188 0.271493
0.6348 0.277253
0.6428 0.286248
0.6508 0.295022
0.6588 0.303582
0.6668 0.311938
0.6748 0.320095
0.6828 0.328061
0.6908 0.335843
0.6988 0.343446
0.7068 0.350877
0.7148 0.358142
0.7228 0.365246
0.7308 0.372195
0.7388 0.378993
0.7468 0.385645
0.7548 0.392157
0.7628 0.398532
0.7708 0.404774
0.7788 0.410889
0.7868 0.416878
0.7948 0.422748
0.8028 0.4285
0.8108 0.434139
0.8188 0.439668
0.8268 0.44509
0.8348 0.450407
0.8428 0.455624
0.8508 0.460743
0.8588 0.465766
0.8668 0.470697
0.8748 0.475537
0.8828 0.48029
0.8908 0.484957
0.8988 0.489542
0.9068 0.494045
0.9148 0.49847
0.9228 0.502818
0.9308 0.507091
0.9388 0.511291
0.9468 0.51542
0.9548 0.519481
0.9628 0.523473
0.9708 0.5274
0.9788 0.531263
0.9868 0.535063
0.9948 0.538802
1.0028 0.542481
1.0108 0.546102
1.0188 0.549666
1.0268 0.553175
1.0348 0.556629
1.0428 0.560031
1.0508 0.56338
1.0588 0.566679
1.0668 0.569929
1.0748 0.57313
1.0828 0.576284
1.0908 0.579391
1.0988 0.582454
1.1068 0.585472
1.1148 0.588446
1.1228 0.591379
1.1308 0.59427
1.1388 0.59712
1.1468 0.59993
1.1548 0.602702
1.1628 0.605435
1.1708 0.608131
1.1788 0.610791
1.1868 0.613414
1.1948 0.616003
1.2028 0.618557
1.2108 0.621077
1.2188 0.623564
1.2268 0.626019
1.2348 0.628442
1.2428 0.630834
1.2508 0.633195
1.2588 0.635526
1.2668 0.637828
1.2748 0.6401
1.2828 0.642345
1.2908 0.644562
1.2988 0.646751
1.3068 0.648913
1.3148 0.65105
1.3228 0.65316
1.3308 0.655245
1.3388 0.657305
1.3468 0.659341
1.3548 0.661352
1.3628 0.66334
1.3708 0.665305
1.3788 0.667247
1.3868 0.669166
1.3948 0.671064
1.4028 0.67294
1.4108 0.674794
1.4188 0.676628
1.4268 0.678441
1.4348 0.680234
1.4428 0.682007
1.4508 0.683761
1.4588 0.685495
1.4668 0.68721
1.4748 0.688907
1.4828 0.690585
1.4908 0.692246
1.4988 0.693888
1.5068 0.695514
1.5148 0.697122
1.5228 0.698713
1.5308 0.700287
1.5388 0.701846
1.5468 0.703388
1.5548 0.704914
1.5628 0.706424
1.5708 0.70792
1.5788 0.7094
1.5868 0.710865
1.5948 0.712315
1.6028 0.713751
1.6108 0.715173
1.6188 0.71658
1.6268 0.717974
1.6348 0.719354
1.6428 0.720721
1.6508 0.722074
1.6588 0.723415
1.6668 0.724742
1.6748 0.726057
1.6828 0.727359
1.6908 0.728649
1.6988 0.729927
1.7068 0.731193
1.7148 0.732447
1.7228 0.733689
1.7308 0.73492
1.7388 0.73614
1.7468 0.737348
1.7548 0.738546
1.7628 0.739732
1.7708 0.740908
1.7788 0.742073
1.7868 0.743228
1.7948 0.744373
1.8028 0.745507
1.8108 0.746631
1.8188 0.747746
1.8268 0.74885
1.8348 0.749945
1.8428 0.751031
1.8508 0.752107
1.8588 0.753174
1.8668 0.754232
1.8748 0.755281
1.8828 0.75632
1.8908 0.757351
1.8988 0.758374
1.9068 0.759387
1.9148 0.760393
1.9228 0.76139
1.9308 0.762378
1.9388 0.763359
1.9468 0.764331
1.9548 0.765296
1.9628 0.766252
1.9708 0.767201
1.9788 0.768142
1.9868 0.769076
1.9948 0.770002
2.0028 0.770921
2.0108 0.771832
2.0188 0.772736
2.0268 0.773633
2.0348 0.774523
2.0428 0.775406
2.0508 0.776282
2.0588 0.777152
2.0668 0.778014
2.0748 0.77887
2.0828 0.77972
2.0908 0.780562
2.0988 0.781399
2.1068 0.782229
2.1148 0.783053
2.1228 0.78387
2.1308 0.784682
2.1388 0.785487
2.1468 0.786287
2.1548 0.78708
2.1628 0.787868
2.1708 0.788649
2.1788 0.789425
2.1868 0.790196
2.1948 0.79096
2.2028 0.79172
2.2108 0.792473
2.2188 0.793222
2.2268 0.793964
2.2348 0.794702
2.2428 0.795434
2.2508 0.796161
2.2588 0.796883
2.2668 0.7976
2.2748 0.798312
2.2828 0.799019
2.2908 0.799721
2.2988 0.800418
2.3068 0.80111
2.3148 0.801797
2.3228 0.80248
2.3308 0.803158
2.3388 0.803831
2.3468 0.8045
2.3548 0.805164
2.3628 0.805824
2.3708 0.806479
2.3788 0.80713
2.3868 0.807776
2.3948 0.808418
2.4028 0.809056
2.4108 0.80969
2.4188 0.810319
2.4268 0.810944
2.4348 0.811566
2.4428 0.812183
2.4508 0.812796
2.4588 0.813405
2.4668 0.81401
2.4748 0.814611
2.4828 0.815209
2.4908 0.815802
2.4988 0.816392
2.5068 0.816978
2.5148 0.81756
2.5228 0.818139
2.5308 0.818713
2.5388 0.819285
2.5468 0.819852
2.5548 0.820416
2.5628 0.820977
2.5708 0.821534
2.5788 0.822088
2.5868 0.822638
2.5948 0.823185
2.6028 0.823728
2.6108 0.824268
2.6188 0.824805
2.6268 0.825339
2.6348 0.825869
2.6428 0.826396
2.6508 0.82692
2.6588 0.827441
2.6668 0.827959
2.6748 0.828473
2.6828 0.828985
2.6908 0.829493
2.6988 0.829999
2.7068 0.830501
2.7148 0.831
2.7228 0.831497
2.7308 0.831991
2.7388 0.832481
2.7468 0.832969
2.7548 0.833454
2.7628 0.833937
2.7708 0.834416
2.7788 0.834893
2.7868 0.835367
2.7948 0.835838
2.8028 0.836307
2.8108 0.836772
2.8188 0.837236
2.8268 0.837696
2.8348 0.838154
2.8428 0.83861
2.8508 0.839063
2.8588 0.839513
2.8668 0.839961
2.8748 0.840406
2.8828 0.840849
2.8908 0.84129
2.8988 0.841728
2.9068 0.842163
2.9148 0.842596
2.9228 0.843027
2.9308 0.843456
2.9388 0.843882
2.9468 0.844306
2.9548 0.844727
2.9628 0.845146
2.9708 0.845563
2.9788 0.845978
2.9868 0.846391
2.9948 0.846801
3.0028 0.847209
3.0108 0.847615
3.0188 0.848019
3.0268 0.848421
3.0348 0.84882
3.0428 0.849218
3.0508 0.849613
3.0588 0.850007
3.0668 0.850398
3.0748 0.850787
3.0828 0.851174
3.0908 0.851559
3.0988 0.851943
3.1068 0.852324
3.1148 0.852703
3.1228 0.853081
3.1308 0.853456
3.1388 0.853829
3.1468 0.854201
3.1548 0.854571
3.1628 0.854939
3.1708 0.855305
3.1788 0.855669
3.1868 0.856031
3.1948 0.856392
3.2028 0.85675
3.2108 0.857107
3.2188 0.857462
3.2268 0.857816
3.2348 0.858167
3.2428 0.858517
3.2508 0.858866
3.2588 0.859212
3.2668 0.859557
3.2748 0.8599
3.2828 0.860241
3.2908 0.860581
3.2988 0.860919
3.3068 0.861256
3.3148 0.86159
3.3228 0.861924
3.3308 0.862255
3.3388 0.862585
3.3468 0.862914
3.3548 0.863241
3.3628 0.863566
3.3708 0.86389
3.3788 0.864212
3.3868 0.864533
3.3948 0.864852
3.4028 0.86517
3.4108 0.865486
3.4188 0.865801
3.4268 0.866114
3.4348 0.866426
3.4428 0.866736
3.4508 0.867045
3.4588 0.867353
3.4668 0.867659
3.4748 0.867964
3.4828 0.868267
3.4908 0.868569
3.4988 0.868869
3.5068 0.869168
3.5148 0.869466
3.5228 0.869763
3.5308 0.870058
3.5388 0.870352
3.5468 0.870644
3.5548 0.870935
3.5628 0.871225
3.5708 0.871513
3.5788 0.871801
3.5868 0.872087
3.5948 0.872371
3.6028 0.872655
3.6108 0.872937
3.6188 0.873218
3.6268 0.873497
3.6348 0.873776
3.6428 0.874053
3.6508 0.874329
3.6588 0.874604
3.6668 0.874877
3.6748 0.87515
3.6828 0.875421
3.6908 0.875691
3.6988 0.87596
3.7068 0.876227
3.7148 0.876494
3.7228 0.876759
3.7308 0.877024
3.7388 0.877287
3.7468 0.877549
3.7548 0.87781
3.7628 0.87807
3.7708 0.878328
3.7788 0.878586
3.7868 0.878842
3.7948 0.879098
3.8028 0.879352
3.8108 0.879605
3.8188 0.879858
3.8268 0.880109
3.8348 0.880359
3.8428 0.880608
3.8508 0.880856
3.8588 0.881103
3.8668 0.881349
3.8748 0.881594
3.8828 0.881838
3.8908 0.882081
3.8988 0.882323
3.9068 0.882564
3.9148 0.882804
3.9228 0.883043
3.9308 0.883281
3.9388 0.883518
3.9468 0.883754
3.9548 0.883989
3.9628 0.884223
3.9708 0.884457
3.9788 0.884689
3.9868 0.88492
3.9948 0.885151
4.0028 0.88538
4.0108 0.885609
4.0188 0.885837
4.0268 0.886063
4.0348 0.886289
4.0428 0.886514
4.0508 0.886738
4.0588 0.886962
4.0668 0.887184
4.0748 0.887406
4.0828 0.887626
4.0908 0.887846
4.0988 0.888065
4.1068 0.888283
4.1148 0.8885
4.1228 0.888716
4.1308 0.888932
4.1388 0.889147
4.1468 0.88936
4.1548 0.889574
4.1628 0.889786
4.1708 0.889997
4.1788 0.890208
4.1868 0.890418
4.1948 0.890626
4.2028 0.890835
4.2108 0.891042
4.2188 0.891249
4.2268 0.891455
4.2348 0.89166
4.2428 0.891864
4.2508 0.892067
4.2588 0.89227
4.2668 0.892472
4.2748 0.892673
4.2828 0.892874
4.2908 0.893074
4.2988 0.893273
4.3068 0.893471
4.3148 0.893668
4.3228 0.893865
4.3308 0.894061
4.3388 0.894256
4.3468 0.894451
4.3548 0.894645
4.3628 0.894838
4.3708 0.895031
4.3788 0.895222
4.3868 0.895414
4.3948 0.895604
4.4028 0.895794
4.4108 0.895983
4.4188 0.896171
4.4268 0.896359
4.4348 0.896546
4.4428 0.896732
4.4508 0.896917
4.4588 0.897102
4.4668 0.897287
4.4748 0.89747
4.4828 0.897653
4.4908 0.897836
4.4988 0.898017
4.5068 0.898198
4.5148 0.898379
4.5228 0.898558
4.5308 0.898738
4.5388 0.898916
4.5468 0.899094
4.5548 0.899271
4.5628 0.899448
4.5708 0.899624
4.5788 0.899799
4.5868 0.899974
4.5948 0.900148
4.6028 0.900322
4.6108 0.900494
4.6188 0.900667
4.6268 0.900839
4.6348 0.90101
4.6428 0.90118
4.6508 0.90135
4.6588 0.90152
4.6668 0.901689
4.6748 0.901857
4.6828 0.902024
4.6908 0.902192
4.6988 0.902358
4.7068 0.902524
4.7148 0.902689
4.7228 0.902854
4.7308 0.903019
4.7388 0.903182
4.7468 0.903345
4.7548 0.903508
4.7628 0.90367
4.7708 0.903832
4.7788 0.903993
4.7868 0.904153
4.7948 0.904313
4.8028 0.904472
4.8108 0.904631
4.8188 0.90479
4.8268 0.904947
4.8348 0.905105
4.8428 0.905261
4.8508 0.905418
4.8588 0.905573
4.8668 0.905729
4.8748 0.905883
4.8828 0.906038
4.8908 0.906191
4.8988 0.906344
4.9068 0.906497
4.9148 0.906649
4.9228 0.906801
4.9308 0.906952
4.9388 0.907103
4.9468 0.907253
4.9548 0.907403
4.9628 0.907552
4.9708 0.907701
4.9788 0.907849
4.9868 0.907997
4.9948 0.908144
5.0028 0.908291
5.0108 0.908438
5.0188 0.908584
5.0268 0.908729
5.0348 0.908874
5.0428 0.909019
5.0508 0.909163
5.0588 0.909307
5.0668 0.90945
5.0748 0.909592
5.0828 0.909735
5.0908 0.909877
5.0988 0.910018
5.1068 0.910159
5.1148 0.9103
5.1228 0.91044
5.1308 0.910579
5.1388 0.910718
5.1468 0.910857
5.1548 0.910996
5.1628 0.911133
5.1708 0.911271
5.1788 0.911408
5.1868 0.911545
5.1948 0.911681
5.2028 0.911817
5.2108 0.911952
5.2188 0.912087
5.2268 0.912222
5.2348 0.912356
5.2428 0.91249
5.2508 0.912623
5.2588 0.912756
5.2668 0.912888
5.2748 0.91302
5.2828 0.913152
5.2908 0.913283
5.2988 0.913414
5.3068 0.913545
5.3148 0.913675
5.3228 0.913805
5.3308 0.913934
5.3388 0.914063
5.3468 0.914192
5.3548 0.91432
5.3628 0.914448
5.3708 0.914575
5.3788 0.914702
5.3868 0.914829
5.3948 0.914955
5.4028 0.915081
5.4108 0.915207
5.4188 0.915332
5.4268 0.915457
5.4348 0.915581
5.4428 0.915705
5.4508 0.915829
5.4588 0.915952
5.4668 0.916075
5.4748 0.916198
5.4828 0.91632
5.4908 0.916442
5.4988 0.916564
5.5068 0.916685
5.5148 0.916806
5.5228 0.916926
5.5308 0.917046
5.5388 0.917166
5.5468 0.917286
5.5548 0.917405
5.5628 0.917524
5.5708 0.917642
5.5788 0.91776
5.5868 0.917878
5.5948 0.917995
5.6028 0.918112
5.6108 0.918229
5.6188 0.918346
5.6268 0.918462
5.6348 0.918577
5.6428 0.918693
5.6508 0.918808
5.6588 0.918923
5.6668 0.919037
5.6748 0.919151
5.6828 0.919265
5.6908 0.919379
5.6988 0.919492
5.7068 0.919605
5.7148 0.919717
5.7228 0.919829
5.7308 0.919941
5.7388 0.920053
5.7468 0.920164
5.7548 0.920275
5.7628 0.920386
5.7708 0.920496
5.7788 0.920606
5.7868 0.920716
5.7948 0.920826
5.8028 0.920935
5.8108 0.921044
5.8188 0.921152
5.8268 0.92126
5.8348 0.921368
5.8428 0.921476
5.8508 0.921583
5.8588 0.92169
5.8668 0.921797
5.8748 0.921904
5.8828 0.92201
5.8908 0.922116
5.8988 0.922221
5.9068 0.922327
5.9148 0.922432
5.9228 0.922537
5.9308 0.922641
5.9388 0.922745
5.9468 0.922849
5.9548 0.922953
5.9628 0.923056
5.9708 0.923159
5.9788 0.923262
5.9868 0.923365
5.9948 0.923467
6.0028 0.923569
6.0108 0.923671
6.0188 0.923772
6.0268 0.923873
6.0348 0.923974
6.0428 0.924075
6.0508 0.924175
6.0588 0.924275
6.0668 0.924375
6.0748 0.924475
6.0828 0.924574
6.0908 0.924673
6.0988 0.924772
6.1068 0.924871
6.1148 0.924969
6.1228 0.925067
6.1308 0.925165
6.1388 0.925262
6.1468 0.92536
6.1548 0.925457
6.1628 0.925553
6.1708 0.92565
6.1788 0.925746
6.1868 0.925842
6.1948 0.925938
6.2028 0.926033
6.2108 0.926129
6.2188 0.926224
6.2268 0.926318
6.2348 0.926413
6.2428 0.926507
6.2508 0.926601
6.2588 0.926695
6.2668 0.926789
6.2748 0.926882
6.2828 0.926975
6.2908 0.927068
6.2988 0.927161
6.3068 0.927253
6.3148 0.927345
6.3228 0.927437
6.3308 0.927529
6.3388 0.92762
6.3468 0.927712
6.3548 0.927803
6.3628 0.927893
6.3708 0.927984
6.3788 0.928074
6.3868 0.928164
6.3948 0.928254
6.4028 0.928344
6.4108 0.928433
6.4188 0.928522
6.4268 0.928611
6.4348 0.9287
6.4428 0.928789
6.4508 0.928877
6.4588 0.928965
6.4668 0.929053
6.4748 0.929141
6.4828 0.929228
6.4908 0.929315
6.4988 0.929402
6.5068 0.929489
6.5148 0.929576
6.5228 0.929662
6.5308 0.929748
6.5388 0.929834
6.5468 0.92992
6.5548 0.930005
6.5628 0.930091
6.5708 0.930176
6.5788 0.930261
6.5868 0.930346
6.5948 0.93043
6.6028 0.930514
6.6108 0.930598
6.6188 0.930682
6.6268 0.930766
6.6348 0.930849
6.6428 0.930933
6.6508 0.931016
6.6588 0.931099
6.6668 0.931181
6.6748 0.931264
6.6828 0.931346
6.6908 0.931428
6.6988 0.93151
6.7068 0.931592
6.7148 0.931673
6.7228 0.931755
6.7308 0.931836
6.7388 0.931917
6.7468 0.931997
6.7548 0.932078
6.7628 0.932158
6.7708 0.932238
6.7788 0.932318
6.7868 0.932398
6.7948 0.932478
6.8028 0.932557
6.8108 0.932636
6.8188 0.932715
6.8268 0.932794
6.8348 0.932873
6.8428 0.932951
6.8508 0.93303
6.8588 0.933108
6.8668 0.933186
6.8748 0.933264
6.8828 0.933341
6.8908 0.933418
6.8988 0.933496
6.9068 0.933573
6.9148 0.93365
6.9228 0.933726
6.9308 0.933803
6.9388 0.933879
6.9468 0.933955
6.9548 0.934031
6.9628 0.934107
6.9708 0.934183
6.9788 0.934258
6.9868 0.934333
6.9948 0.934408
7.0028 0.934483
7.0108 0.934558
7.0188 0.934633
7.0268 0.934707
7.0348 0.934781
7.0428 0.934855
7.0508 0.934929
7.0588 0.935003
7.0668 0.935077
7.0748 0.93515
7.0828 0.935223
7.0908 0.935296
7.0988 0.935369
7.1068 0.935442
7.1148 0.935515
7.1228 0.935587
7.1308 0.935659
7.1388 0.935731
7.1468 0.935803
7.1548 0.935875
7.1628 0.935947
7.1708 0.936018
7.1788 0.93609
7.1868 0.936161
7.1948 0.936232
7.2028 0.936303
7.2108 0.936373
7.2188 0.936444
7.2268 0.936514
7.2348 0.936584
7.2428 0.936654
7.2508 0.936724
7.2588 0.936794
7.2668 0.936864
7.2748 0.936933
7.2828 0.937002
7.2908 0.937071
7.2988 0.93714
7.3068 0.937209
7.3148 0.937278
7.3228 0.937346
7.3308 0.937415
7.3388 0.937483
7.3468 0.937551
7.3548 0.937619
7.3628 0.937687
7.3708 0.937754
7.3788 0.937822
7.3868 0.937889
7.3948 0.937956
7.4028 0.938023
7.4108 0.93809
7.4188 0.938157
7.4268 0.938224
7.4348 0.93829
7.4428 0.938357
7.4508 0.938423
7.4588 0.938489
7.4668 0.938555
7.4748 0.93862
7.4828 0.938686
7.4908 0.938752
7.4988 0.938817
7.5068 0.938882
7.5148 0.938947
7.5228 0.939012
7.5308 0.939077
7.5388 0.939142
7.5468 0.939206
7.5548 0.93927
7.5628 0.939335
7.5708 0.939399
7.5788 0.939463
7.5868 0.939527
7.5948 0.93959
7.6028 0.939654
7.6108 0.939717
7.6188 0.939781
7.6268 0.939844
7.6348 0.939907
7.6428 0.93997
7.6508 0.940032
7.6588 0.940095
7.6668 0.940158
7.6748 0.94022
7.6828 0.940282
7.6908 0.940344
7.6988 0.940406
7.7068 0.940468
7.7148 0.94053
7.7228 0.940591
7.7308 0.940653
7.7388 0.940714
7.7468 0.940776
7.7548 0.940837
7.7628 0.940898
7.7708 0.940958
7.7788 0.941019
7.7868 0.94108
7.7948 0.94114
7.8028 0.941201
7.8108 0.941261
7.8188 0.941321
7.8268 0.941381
7.8348 0.941441
7.8428 0.9415
7.8508 0.94156
7.8588 0.94162
7.8668 0.941679
7.8748 0.941738
7.8828 0.941797
7.8908 0.941856
7.8988 0.941915
7.9068 0.941974
7.9148 0.942033
7.9228 0.942091
7.9308 0.94215
7.9388 0.942208
7.9468 0.942266
7.9548 0.942324
7.9628 0.942382
7.9708 0.94244
7.9788 0.942498
7.9868 0.942555
7.9948 0.942613
8.0028 0.94267
8.0108 0.942727
8.0188 0.942784
8.0268 0.942841
8.0348 0.942898
8.0428 0.942955
8.0508 0.943012
8.0588 0.943068
8.0668 0.943125
8.0748 0.943181
8.0828 0.943237
8.0908 0.943294
8.0988 0.94335
8.1068 0.943406
8.1148 0.943461
8.1228 0.943517
8.1308 0.943573
8.1388 0.943628
8.1468 0.943683
8.1548 0.943739
8.1628 0.943794
8.1708 0.943849
8.1788 0.943904
8.1868 0.943959
8.1948 0.944013
8.2028 0.944068
8.2108 0.944122
8.2188 0.944177
8.2268 0.944231
8.2348 0.944285
8.2428 0.944339
8.2508 0.944393
8.2588 0.944447
8.2668 0.944501
8.2748 0.944555
8.2828 0.944608
8.2908 0.944662
8.2988 0.944715
8.3068 0.944768
8.3148 0.944821
8.3228 0.944874
8.3308 0.944927
8.3388 0.94498
8.3468 0.945033
8.3548 0.945085
8.3628 0.945138
8.3708 0.94519
8.3788 0.945243
8.3868 0.945295
8.3948 0.945347
8.4028 0.945399
8.4108 0.945451
8.4188 0.945503
8.4268 0.945555
8.4348 0.945606
8.4428 0.945658
8.4508 0.945709
8.4588 0.945761
8.4668 0.945812
8.4748 0.945863
8.4828 0.945914
8.4908 0.945965
8.4988 0.946016
8.5068 0.946067
8.5148 0.946117
8.5228 0.946168
8.5308 0.946218
8.5388 0.946269
8.5468 0.946319
8.5548 0.946369
8.5628 0.946419
8.5708 0.946469
8.5788 0.946519
8.5868 0.946569
8.5948 0.946619
8.6028 0.946669
8.6108 0.946718
8.6188 0.946768
8.6268 0.946817
8.6348 0.946866
8.6428 0.946915
8.6508 0.946964
8.6588 0.947013
8.6668 0.947062
8.6748 0.947111
8.6828 0.94716
8.6908 0.947209
8.6988 0.947257
8.7068 0.947306
8.7148 0.947354
8.7228 0.947402
8.7308 0.94745
8.7388 0.947499
8.7468 0.947547
8.7548 0.947594
8.7628 0.947642
8.7708 0.94769
8.7788 0.947738
8.7868 0.947785
8.7948 0.947833
8.8028 0.94788
8.8108 0.947928
8.8188 0.947975
8.8268 0.948022
8.8348 0.948069
8.8428 0.948116
8.8508 0.948163
8.8588 0.94821
8.8668 0.948256
8.8748 0.948303
8.8828 0.94835
8.8908 0.948396
8.8988 0.948442
8.9068 0.948489
8.9148 0.948535
8.9228 0.948581
8.9308 0.948627
8.9388 0.948673
8.9468 0.948719
8.9548 0.948765
8.9628 0.948811
8.9708 0.948856
8.9788 0.948902
8.9868 0.948947
8.9948 0.948993
9.0028 0.949038
9.0108 0.949083
9.0188 0.949128
9.0268 0.949174
9.0348 0.949219
9.0428 0.949264
9.0508 0.949308
9.0588 0.949353
9.0668 0.949398
9.0748 0.949442
9.0828 0.949487
9.0908 0.949531
9.0988 0.949576
9.1068 0.94962
9.1148 0.949664
9.1228 0.949708
9.1308 0.949752
9.1388 0.949796
9.1468 0.94984
9.1548 0.949884
9.1628 0.949928
9.1708 0.949972
9.1788 0.950015
9.1868 0.950059
9.1948 0.950102
9.2028 0.950146
9.2108 0.950189
9.2188 0.950232
9.2268 0.950275
9.2348 0.950318
9.2428 0.950361
9.2508 0.950404
9.2588 0.950447
9.2668 0.95049
9.2748 0.950533
9.2828 0.950575
9.2908 0.950618
9.2988 0.95066
9.3068 0.950703
9.3148 0.950745
9.3228 0.950787
9.3308 0.95083
9.3388 0.950872
9.3468 0.950914
9.3548 0.950956
9.3628 0.950998
9.3708 0.951039
9.3788 0.951081
9.3868 0.951123
9.3948 0.951164
9.4028 0.951206
9.4108 0.951248
9.4188 0.951289
9.4268 0.95133
9.4348 0.951372
9.4428 0.951413
9.4508 0.951454
9.4588 0.951495
9.4668 0.951536
9.4748 0.951577
9.4828 0.951618
9.4908 0.951658
9.4988 0.951699
9.5068 0.95174
9.5148 0.95178
9.5228 0.951821
9.5308 0.951861
9.5388 0.951902
9.5468 0.951942
9.5548 0.951982
9.5628 0.952022
9.5708 0.952063
9.5788 0.952103
9.5868 0.952143
9.5948 0.952182
9.6028 0.952222
9.6108 0.952262
9.6188 0.952302
9.6268 0.952341
9.6348 0.952381
9.6428 0.95242
9.6508 0.95246
9.6588 0.952499
9.6668 0.952539
9.6748 0.952578
9.6828 0.952617
9.6908 0.952656
9.6988 0.952695
9.7068 0.952734
9.7148 0.952773
9.7228 0.952812
9.7308 0.952851
9.7388 0.952889
9.7468 0.952928
9.7548 0.952967
9.7628 0.953005
9.7708 0.953044
9.7788 0.953082
9.7868 0.953121
9.7948 0.953159
9.8028 0.953197
9.8108 0.953235
9.8188 0.953273
9.8268 0.953311
9.8348 0.953349
9.8428 0.953387
9.8508 0.953425
9.8588 0.953463
9.8668 0.953501
9.8748 0.953538
9.8828 0.953576
9.8908 0.953613
9.8988 0.953651
9.9068 0.953688
9.9148 0.953726
9.9228 0.953763
9.9308 0.9538
9.9388 0.953837
9.9468 0.953875
9.9548 0.953912
9.9628 0.953949
9.9708 0.953986
9.9788 0.954023
9.9868 0.954059
9.9948 0.954096
10.0028 0.954133
10.0108 0.954169
10.0188 0.954206
10.0268 0.954243
10.0348 0.954279
10.0428 0.954316
10.0508 0.954352
10.0588 0.954388
10.0668 0.954424
10.0748 0.954461
10.0828 0.954497
10.0908 0.954533
10.0988 0.954569
10.1068 0.954605
10.1148 0.954641
10.1228 0.954677
10.1308 0.954712
10.1388 0.954748
10.1468 0.954784
10.1548 0.954819
10.1628 0.954855
10.1708 0.95489
10.1788 0.954926
10.1868 0.954961
10.1948 0.954997
10.2028 0.955032
10.2108 0.955067
10.2188 0.955102
10.2268 0.955137
10.2348 0.955173
10.2428 0.955208
10.2508 0.955243
10.2588 0.955277
10.2668 0.955312
10.2748 0.955347
10.2828 0.955382
10.2908 0.955416
10.2988 0.955451
10.3068 0.955486
10.3148 0.95552
10.3228 0.955555
10.3308 0.955589
10.3388 0.955623
10.3468 0.955658
10.3548 0.955692
10.3628 0.955726
10.3708 0.95576
10.3788 0.955795
10.3868 0.955829
10.3948 0.955863
10.4028 0.955896
10.4108 0.95593
10.4188 0.955964
