0.1388 0.0576369
0.1628 0.0982801
0.1868 0.12848
0.2108 0.151803
0.2348 0.170358
0.2588 0.185471
0.2828 0.19802
0.3068 0.208605
0.3308 0.217654
0.3548 0.225479
0.3788 0.232313
0.3948 0.243161
0.4028 0.258193
0.4108 0.272639
0.4188 0.286533
0.4268 0.299906
0.4348 0.312787
0.4428 0.325203
0.4508 0.337178
0.4588 0.348736
0.4668 0.359897
0.4748 0.370682
0.4828 0.38111
0.4908 0.391198
0.4988 0.400962
0.5068 0.410418
0.5148 0.41958
0.5228 0.428462
0.5308 0.437076
0.5388 0.445434
0.5468 0.453548
0.5548 0.461428
0.5628 0.469083
0.5708 0.476524
0.5788 0.48376
0.5868 0.490798
0.5948 0.497646
0.6028 0.504313
0.6108 0.510806
0.6268 0.51053
0.6428 0.510268
0.6668 0.503899
0.6908 0.497973
0.7148 0.492445
0.7388 0.487277
0.7628 0.482433
0.7868 0.477885
0.8108 0.473606
0.8348 0.469574
0.8588 0.465766
0.8828 0.462166
0.8988 0.462839
0.9228 0.459471
0.9468 0.456274
0.9708 0.453234
0.9948 0.450342
1.0188 0.447585
1.0428 0.444956
1.0668 0.442445
1.0908 0.440044
1.1068 0.440911
1.1308 0.438628
1.1548 0.436439
1.1788 0.43434
1.2028 0.432325
1.2268 0.430388
1.2508 0.428526
1.2748 0.426734
1.2828 0.430309
1.3068 0.428528
1.3308 0.426811
1.3548 0.425155
1.3788 0.423557
1.4028 0.422013
1.4268 0.420521
1.4588 0.416781
1.4828 0.41543
1.5068 0.414123
1.5308 0.412856
1.5548 0.411629
1.5788 0.410438
1.5868 0.413411
1.6108 0.412218
1.6348 0.411059
1.6588 0.409935
1.6828 0.408842
1.7068 0.407781
1.7308 0.406748
1.7548 0.405744
1.7788 0.404767
1.8028 0.403816
1.8268 0.40289
1.8508 0.401988
1.8748 0.401109
1.8988 0.400253
1.9228 0.399418
1.9468 0.398603
1.9868 0.394604
2.0108 0.393873
2.0348 0.393159
2.0588 0.392462
2.0828 0.39178
2.1068 0.391114
2.1468 0.387554
2.1708 0.386954
2.1948 0.386368
2.2188 0.385794
2.2428 0.385233
2.2668 0.384683
2.3068 0.381481
2.3308 0.380985
2.3548 0.380499
2.3788 0.380024
2.4028 0.379557
2.4268 0.3791
2.4668 0.376196
2.4908 0.375783
2.5148 0.375378
2.5388 0.37498
2.5628 0.37459
2.5868 0.374208
2.6268 0.371555
2.6508 0.371209
2.6748 0.370869
2.6988 0.370535
2.7228 0.370207
2.7468 0.369885
2.7868 0.367447
2.8108 0.367155
2.8348 0.366869
2.8588 0.366587
2.8828 0.366311
2.9068 0.366038
2.9468 0.363784
2.9708 0.363538
2.9948 0.363296
3.0188 0.363058
3.0428 0.362824
3.0668 0.362593
3.1068 0.3605
3.1308 0.360291
3.1548 0.360086
3.1788 0.359884
3.2028 0.359685
3.2268 0.359489
3.2668 0.357536
3.2908 0.35736
3.3148 0.357186
3.3388 0.357014
3.3628 0.356845
3.3868 0.356679
3.4268 0.35485
3.4508 0.3547
3.4748 0.354553
3.4988 0.354407
3.5228 0.354264
3.5468 0.354122
3.5868 0.352403
3.6108 0.352277
3.6348 0.352151
3.6588 0.352028
3.6828 0.351906
3.7068 0.351786
3.7468 0.350165
3.7708 0.350058
3.7948 0.349953
3.8188 0.349848
3.8428 0.349745
3.8668 0.349643
3.9068 0.348111
3.9308 0.348021
3.9548 0.347932
3.9788 0.347844
4.0028 0.347757
4.0268 0.347671
4.0668 0.346218
4.0908 0.346143
4.1148 0.346068
4.1388 0.345994
4.1628 0.345921
4.1868 0.345849
4.2268 0.344469
4.2508 0.344406
4.2748 0.344344
4.2988 0.344282
4.3228 0.344221
4.3468 0.344161
4.3868 0.342847
4.4108 0.342795
4.4348 0.342744
4.4588 0.342693
4.4828 0.342643
4.5068 0.342593
4.5468 0.341339
4.5708 0.341297
4.5948 0.341255
4.6188 0.341214
4.6428 0.341173
4.6668 0.341133
4.7068 0.339934
4.7308 0.3399
4.7548 0.339867
4.7788 0.339834
4.8028 0.339802
4.8268 0.33977
4.8668 0.338621
4.8908 0.338595
4.9148 0.338569
4.9388 0.338544
4.9628 0.338519
4.9868 0.338494
5.0268 0.337392
5.0508 0.337372
5.0748 0.337353
5.0988 0.337334
5.1228 0.337316
5.1468 0.337297
5.1868 0.336238
5.2108 0.336225
5.2348 0.336212
5.2588 0.336198
5.2828 0.336185
5.3068 0.336172
5.3468 0.335154
5.3708 0.335146
5.3948 0.335138
5.4188 0.33513
5.4428 0.335122
5.4668 0.335114
5.5068 0.334132
5.5308 0.334129
5.5548 0.334125
5.5788 0.334122
5.6028 0.334119
5.6268 0.334115
5.6668 0.333169
5.6908 0.333169
5.7148 0.33317
5.7388 0.333171
5.7628 0.333171
5.7868 0.333172
5.8268 0.332258
5.8508 0.332262
5.8748 0.332267
5.8988 0.332271
5.9228 0.332275
5.9468 0.33228
5.9868 0.331396
6.0108 0.331403
6.0348 0.331411
6.0588 0.331419
6.0828 0.331426
6.1068 0.331434
6.1468 0.330579
6.1708 0.330589
6.1948 0.3306
6.2188 0.33061
6.2428 0.330621
6.2668 0.330631
6.3068 0.329803
6.3308 0.329816
6.3548 0.329829
6.3788 0.329843
6.4028 0.329856
6.4268 0.329869
6.4668 0.329065
6.4908 0.329081
6.5148 0.329097
6.5388 0.329112
6.5628 0.329128
6.5868 0.329143
6.6268 0.328364
6.6508 0.328382
6.6748 0.328399
6.6988 0.328417
6.7228 0.328435
6.7468 0.328452
6.7868 0.327695
6.8108 0.327715
6.8348 0.327735
6.8588 0.327754
6.8828 0.327774
6.9068 0.327793
6.9468 0.327057
6.9708 0.327079
6.9948 0.3271
7.0188 0.327121
7.0428 0.327143
7.0668 0.327164
7.1068 0.326448
7.1308 0.326471
7.1548 0.326494
7.1788 0.326517
7.2028 0.32654
7.2268 0.326562
7.2668 0.325866
7.2908 0.32589
7.3148 0.325915
7.3388 0.325939
7.3628 0.325963
7.3868 0.325987
7.4268 0.325308
7.4508 0.325334
7.4748 0.32536
7.4988 0.325385
7.5228 0.325411
7.5468 0.325436
7.5868 0.324775
7.6108 0.324802
7.6348 0.324828
7.6588 0.324855
7.6828 0.324882
7.7068 0.324908
7.7468 0.324263
7.7708 0.324291
7.7948 0.324319
7.8188 0.324346
7.8428 0.324374
7.8668 0.324401
7.9068 0.323772
7.9308 0.323801
7.9548 0.32383
7.9788 0.323858
8.0028 0.323887
8.0268 0.323915
8.0668 0.3233
8.0908 0.32333
8.1148 0.32336
8.1388 0.323389
8.1628 0.323418
8.1868 0.323448
8.2268 0.322847
8.2508 0.322878
8.2748 0.322908
8.2988 0.322938
8.3228 0.322968
8.3468 0.322998
8.3868 0.322411
8.4108 0.322443
8.4348 0.322474
8.4588 0.322504
8.4828 0.322535
8.5068 0.322565
8.5468 0.321992
8.5708 0.322024
8.5948 0.322055
8.6188 0.322087
8.6428 0.322118
8.6668 0.322149
8.7068 0.321588
8.7308 0.32162
8.7548 0.321652
8.7868 0.321391
8.8108 0.321424
8.8508 0.320875
8.8748 0.320909
8.8908 0.321231
8.9148 0.321264
8.9388 0.321296
8.9628 0.321328
8.9868 0.32136
9.0028 0.321678
9.0268 0.321709
9.0588 0.321455
9.0828 0.321487
9.0908 0.322084
9.1148 0.322113
9.1388 0.322143
9.1628 0.322172
9.1868 0.322201
9.2028 0.322511
9.2268 0.322539
9.2588 0.322288
9.2828 0.322317
9.2908 0.3229
9.3148 0.322927
9.3388 0.322954
9.3628 0.32298
9.3868 0.323007
9.4028 0.323308
9.4268 0.323333
9.4588 0.323085
9.4828 0.323111
9.4908 0.323682
9.5148 0.323706
9.5388 0.32373
9.5628 0.323755
9.5868 0.323779
9.6028 0.324072
9.6268 0.324095
9.6588 0.32385
9.6828 0.323873
9.6908 0.324431
9.7148 0.324453
9.7388 0.324475
9.7628 0.324497
9.7868 0.324519
9.8028 0.324805
9.8268 0.324826
9.8588 0.324583
9.8828 0.324604
9.8908 0.325151
9.9148 0.32517
9.9388 0.32519
9.9628 0.32521
9.9868 0.325229
10.0028 0.325509
10.0268 0.325528
10.0588 0.325287
10.0828 0.325306
10.0908 0.325841
10.1148 0.325859
