0.51032 0.000627058
0.53896 0.0160309
0.54728 0.0309896
0.5676 0.0445384
0.57592 0.0583414
0.58424 0.0717513
0.59256 0.0847847
0.60088 0.0974571
0.6092 0.109783
0.61752 0.121777
0.62584 0.133453
0.63416 0.144821
0.64248 0.155896
0.6508 0.166687
0.65912 0.177206
0.66744 0.187463
0.67576 0.197467
0.68408 0.207227
0.6924 0.216753
0.70072 0.226053
0.70904 0.235135
0.71736 0.244006
0.72568 0.252673
0.734 0.261144
0.74232 0.269426
0.75064 0.277523
0.75896 0.285443
0.76728 0.293192
0.7756 0.300774
0.78392 0.308195
0.79224 0.31546
0.80056 0.322574
0.80888 0.329542
0.8172 0.336368
0.82552 0.343056
0.83384 0.349611
0.84216 0.356037
0.85048 0.362337
0.8588 0.368514
0.86712 0.374573
0.87544 0.380517
0.88376 0.386349
0.89208 0.392072
0.9004 0.39769
0.90872 0.403205
0.91704 0.408619
0.92536 0.413936
0.93368 0.419159
0.942 0.424289
0.95032 0.429329
0.95864 0.434282
0.96696 0.439149
0.97528 0.443934
0.9836 0.448638
0.99192 0.453262
1.00024 0.45781
1.00856 0.462283
1.01688 0.466682
1.0252 0.471011
1.03352 0.475269
1.04184 0.479459
1.05016 0.483583
1.05848 0.487643
1.0668 0.491639
1.07512 0.495573
1.08344 0.499446
1.09176 0.503261
1.10008 0.507018
1.1084 0.510718
1.11672 0.514363
1.12504 0.517955
1.13336 0.521494
1.14168 0.524981
1.15 0.528417
1.15832 0.531805
1.16664 0.535144
1.17496 0.538435
1.18328 0.541681
1.1916 0.544881
1.19992 0.548037
1.20824 0.551149
1.21656 0.554218
1.22488 0.557246
1.2332 0.560234
1.24152 0.563181
1.24984 0.566088
1.25816 0.568958
1.26648 0.57179
1.2748 0.574584
1.28312 0.577343
1.29144 0.580066
1.29976 0.582754
1.30808 0.585408
1.3164 0.588028
1.32472 0.590615
1.33304 0.59317
1.34136 0.595694
1.34968 0.598186
1.358 0.600648
1.36632 0.60308
1.37464 0.605482
1.38296 0.607856
1.39128 0.610201
1.3996 0.612518
1.40792 0.614808
1.41624 0.617071
1.42456 0.619307
1.43288 0.621518
1.4412 0.623702
1.44952 0.625862
1.45784 0.627998
1.46616 0.630109
1.47448 0.632196
1.4828 0.63426
1.49112 0.6363
1.49944 0.638318
1.50776 0.640314
1.51608 0.642288
1.5244 0.64424
1.53272 0.646172
1.54104 0.648082
1.54936 0.649972
1.55768 0.651841
1.566 0.653691
1.57432 0.655521
1.58264 0.657332
1.59096 0.659124
1.59928 0.660897
1.6076 0.662652
1.61592 0.664389
1.62424 0.666108
1.63256 0.66781
1.64088 0.669494
1.6492 0.671162
1.65752 0.672812
1.66584 0.674447
1.67416 0.676064
1.68248 0.677666
1.6908 0.679252
1.69912 0.680823
1.70744 0.682378
1.71576 0.683918
1.72408 0.685444
1.7324 0.686955
1.74072 0.688451
1.74904 0.689933
1.75736 0.691401
1.76568 0.692855
1.774 0.694295
1.78232 0.695722
1.79064 0.697136
1.79896 0.698537
1.80728 0.699925
1.8156 0.7013
1.82392 0.702662
1.83224 0.704013
1.84056 0.705351
1.84888 0.706676
1.8572 0.707991
1.86552 0.709293
1.87384 0.710584
1.88216 0.711863
1.89048 0.713131
1.8988 0.714388
1.90712 0.715634
1.91544 0.716869
1.92376 0.718094
1.93208 0.719308
1.9404 0.720511
1.94872 0.721705
1.95704 0.722888
1.96536 0.724061
1.97368 0.725224
1.982 0.726377
1.99032 0.727521
1.99864 0.728655
2.00696 0.72978
2.01528 0.730896
2.0236 0.732002
2.03192 0.7331
2.04024 0.734188
2.04856 0.735268
2.05688 0.736339
2.0652 0.737401
2.07352 0.738454
2.08184 0.7395
2.09016 0.740537
2.09848 0.741565
2.1068 0.742586
2.11512 0.743598
2.12344 0.744603
2.13176 0.7456
2.14008 0.746589
2.1484 0.74757
2.15672 0.748544
2.16504 0.74951
2.17336 0.750469
2.18168 0.751421
2.19 0.752365
2.19832 0.753303
2.20664 0.754233
2.21496 0.755156
2.22328 0.756072
2.2316 0.756982
2.23992 0.757884
2.24824 0.75878
2.25656 0.75967
2.26488 0.760552
2.2732 0.761429
2.28152 0.762299
2.28984 0.763162
2.29816 0.76402
2.30648 0.764871
2.3148 0.765716
2.32312 0.766555
2.33144 0.767388
2.33976 0.768216
2.34808 0.769037
2.3564 0.769852
2.36472 0.770662
2.37304 0.771466
2.38136 0.772265
2.38968 0.773057
2.398 0.773845
2.40632 0.774627
2.41464 0.775403
2.42296 0.776175
2.43128 0.776941
2.4396 0.777701
2.44792 0.778457
2.45624 0.779207
2.46456 0.779953
2.47288 0.780693
2.4812 0.781428
2.48952 0.782159
2.49784 0.782884
2.50616 0.783605
2.51448 0.784321
2.5228 0.785033
2.53112 0.785739
2.53944 0.786441
2.54776 0.787139
2.55608 0.787831
2.5644 0.78852
2.57272 0.789204
2.58104 0.789883
2.58936 0.790558
2.59768 0.791229
2.606 0.791896
2.61432 0.792558
2.62264 0.793216
2.63096 0.79387
2.63928 0.79452
2.6476 0.795165
2.65592 0.795807
2.66424 0.796445
2.67256 0.797078
2.68088 0.797708
2.6892 0.798334
2.69752 0.798956
2.70584 0.799574
2.71416 0.800189
2.72248 0.800799
2.7308 0.801406
2.73912 0.802009
2.74744 0.802609
2.75576 0.803205
2.76408 0.803797
2.7724 0.804386
2.78072 0.804971
2.78904 0.805553
2.79736 0.806131
2.80568 0.806706
2.814 0.807278
2.82232 0.807846
2.83064 0.808411
2.83896 0.808972
2.84728 0.80953
2.8556 0.810085
2.86392 0.810637
2.87224 0.811186
2.88056 0.811731
2.88888 0.812273
2.8972 0.812812
2.90552 0.813348
2.91384 0.813881
2.92216 0.814411
2.93048 0.814938
2.9388 0.815462
2.94712 0.815983
2.95544 0.816501
2.96376 0.817016
2.97208 0.817528
2.9804 0.818038
2.98872 0.818544
2.99704 0.819048
3.00536 0.819549
3.01368 0.820047
3.022 0.820543
3.03032 0.821035
3.03864 0.821525
3.04696 0.822013
3.05528 0.822497
3.0636 0.82298
3.07192 0.823459
3.08024 0.823936
3.08856 0.82441
3.09688 0.824882
3.1052 0.825351
3.11352 0.825818
3.12184 0.826282
3.13016 0.826744
3.13848 0.827203
3.1468 0.82766
3.15512 0.828114
3.16344 0.828566
3.17176 0.829016
3.18008 0.829463
3.1884 0.829908
3.19672 0.830351
3.20504 0.830792
3.21336 0.83123
3.22168 0.831665
3.23 0.832099
3.23832 0.83253
3.24664 0.83296
3.25496 0.833387
3.26328 0.833811
3.2716 0.834234
3.27992 0.834655
3.28824 0.835073
3.29656 0.835489
3.30488 0.835903
3.3132 0.836315
3.32152 0.836725
3.32984 0.837133
3.33816 0.837539
3.34648 0.837943
3.3548 0.838345
3.36312 0.838745
3.37144 0.839143
3.37976 0.839539
3.38808 0.839933
3.3964 0.840325
3.40472 0.840715
3.41304 0.841104
3.42136 0.84149
3.42968 0.841874
3.438 0.842257
3.44632 0.842638
3.45464 0.843017
3.46296 0.843394
3.47128 0.843769
3.4796 0.844143
3.48792 0.844515
3.49624 0.844885
3.50456 0.845253
3.51288 0.84562
3.5212 0.845984
3.52952 0.846347
3.53784 0.846709
3.54616 0.847068
3.55448 0.847426
3.5628 0.847783
3.57112 0.848137
3.57944 0.84849
3.58776 0.848842
3.59608 0.849191
3.6044 0.849539
3.61272 0.849886
3.62104 0.850231
3.62936 0.850574
3.63768 0.850916
3.646 0.851256
3.65432 0.851595
3.66264 0.851932
3.67096 0.852268
3.67928 0.852602
3.6876 0.852934
3.69592 0.853265
3.70424 0.853595
3.71256 0.853923
3.72088 0.85425
3.7292 0.854575
3.73752 0.854898
3.74584 0.855221
3.75416 0.855542
3.76248 0.855861
3.7708 0.856179
3.77912 0.856496
3.78744 0.856811
3.79576 0.857125
3.80408 0.857437
3.8124 0.857748
3.82072 0.858058
3.82904 0.858367
3.83736 0.858674
3.84568 0.858979
3.854 0.859284
3.86232 0.859587
3.87064 0.859889
3.87896 0.860189
3.88728 0.860489
3.8956 0.860787
3.90392 0.861083
3.91224 0.861379
3.92056 0.861673
3.92888 0.861966
3.9372 0.862257
3.94552 0.862548
3.95384 0.862837
3.96216 0.863125
3.97048 0.863412
3.9788 0.863698
3.98712 0.863982
3.99544 0.864265
4.00376 0.864547
4.01208 0.864828
4.0204 0.865108
4.02872 0.865387
4.03704 0.865664
4.04536 0.86594
4.05368 0.866215
4.062 0.866489
4.07032 0.866762
4.07864 0.867034
4.08696 0.867305
4.09528 0.867574
4.1036 0.867843
4.11192 0.86811
4.12024 0.868377
4.12856 0.868642
4.13688 0.868906
4.1452 0.869169
4.15352 0.869431
4.16184 0.869692
4.17016 0.869952
4.17848 0.870211
4.1868 0.870469
4.19512 0.870726
4.20344 0.870982
4.21176 0.871237
4.22008 0.871491
4.2284 0.871743
4.23672 0.871995
4.24504 0.872246
4.25336 0.872496
4.26168 0.872745
4.27 0.872993
4.27832 0.87324
4.28664 0.873486
4.29496 0.873731
4.30328 0.873975
4.3116 0.874218
4.31992 0.874461
4.32824 0.874702
4.33656 0.874942
4.34488 0.875182
4.3532 0.87542
4.36152 0.875658
4.36984 0.875895
4.37816 0.876131
4.38648 0.876366
4.3948 0.8766
4.40312 0.876833
4.41144 0.877065
4.41976 0.877297
4.42808 0.877527
4.4364 0.877757
4.44472 0.877986
4.45304 0.878214
4.46136 0.878441
4.46968 0.878667
4.478 0.878892
4.48632 0.879117
4.49464 0.879341
4.50296 0.879564
4.51128 0.879786
4.5196 0.880007
4.52792 0.880228
4.53624 0.880447
4.54456 0.880666
4.55288 0.880884
4.5612 0.881101
4.56952 0.881318
4.57784 0.881534
4.58616 0.881749
4.59448 0.881963
4.6028 0.882176
4.61112 0.882389
4.61944 0.8826
4.62776 0.882812
4.63608 0.883022
4.6444 0.883231
4.65272 0.88344
